1.389699494895088420e-02,9.541106999579630488e-01,3.199230509308625264e-02
9.006285832524475454e-01,4.334776008572334416e-02,5.602365666182947124e-02
9.046762448449047200e-01,3.707816568337162638e-02,5.824558947172385481e-02
7.645762696334792736e-04,9.594882714982001445e-03,9.896405410153843452e-01
2.705751284147918378e-02,9.415572666282888692e-01,3.138522053023208580e-02
6.296634028719920728e-01,4.060263101688676296e-02,3.297339661111213793e-01
5.942785441664494989e-02,2.042730782700711289e-01,7.362990673132838726e-01
2.730582572597107030e-02,6.371393876636374798e-02,9.089802355076652685e-01
8.164940875835824396e-01,9.503689116341018650e-02,8.846902125300741548e-02
9.665743056093851759e-01,1.459112072536110534e-02,1.883457366525359208e-02
9.960032581194233625e-01,1.455249181326719521e-03,2.541492699249928589e-03
2.539908396603040437e-06,3.038137585705066460e-06,9.999944219540176649e-01
1.487559974319712135e-07,1.737028956035686989e-07,9.999996775411069683e-01
3.200187705600831406e-02,9.674394367666792061e-01,5.586861773122525241e-04
8.264372992603969958e-01,1.664969597539821267e-01,7.065740985620897439e-03
9.393110806380539080e-01,4.951182830470261115e-02,1.117709105724347569e-02
5.782665640591900386e-02,6.646586899773381241e-01,2.775146536167429345e-01
5.983515964823512417e-02,2.621016018448317844e-02,9.139546801672817633e-01
1.875929247848660787e-05,1.742441401005200138e-03,9.982387993065162668e-01
5.124576804101340644e-01,4.417137717307503264e-01,4.582854785911542189e-02
9.287902218857189141e-01,2.857005208049160500e-02,4.263972603378926585e-02
9.802832355046485757e-01,1.651829524720664633e-02,3.198469248144561981e-03
1.497135983469972675e-01,6.826183485473035217e-01,1.676680531056988777e-01
2.517375286797932099e-01,7.175434144586000373e-01,3.071905686160655499e-02
8.095153607147824726e-01,1.822608069453479085e-01,8.223832339869769845e-03
9.931334396790367780e-01,6.285364724422103783e-03,5.811955965411560532e-04
3.998429717085387990e-03,6.402376502307616235e-01,3.557639200521527378e-01
1.396761633457471556e-02,9.859910770474467068e-01,4.130661797867414081e-05
9.943067222818907647e-01,3.857065925059985877e-03,1.836211793049262464e-03
7.580824043355384179e-01,1.243336321419218071e-01,1.175839635225397750e-01
8.545093764207783993e-01,1.041777977508843295e-01,4.131282582833709083e-02
8.894198553300552978e-01,9.160594010819286814e-02,1.897420456175197626e-02
8.722472925475178718e-01,6.829866273814827471e-02,5.945404471433383964e-02
4.431359246080610048e-02,1.677968299762337689e-01,7.878895775629601861e-01
1.601049390563253835e-02,7.150147839482885737e-02,9.124880276995385175e-01
9.839572570633939863e-01,2.746920599007648955e-03,1.329582233759828667e-02
9.553231482655060169e-01,9.648015343894388030e-03,3.502883639059958115e-02
6.745299246030231517e-03,2.395650540503166115e-01,7.536896467036531266e-01
7.079671980655877737e-03,7.847997726678217489e-01,2.081205553515222129e-01
1.239343466977016039e-03,9.985380727268510226e-01,2.225838061720461047e-04
2.841987313887960054e-02,8.878978125086703843e-04,9.706922290486117433e-01
6.151643556164793081e-02,1.232511225681237749e-01,8.152324418702282527e-01
4.296517369287879421e-09,2.440033844597471131e-09,9.999999932634487942e-01
6.492465067314634117e-03,8.252836203704118356e-02,9.109791728956441181e-01
8.873059428888816491e-01,1.080795997934931169e-01,4.614457317625168982e-03
1.128440011765831363e-01,8.794841703547556788e-01,7.671828468661060808e-03
9.538872192579991860e-02,1.127968460837485559e-02,8.933315934658253576e-01
8.761856054388691625e-03,1.902279254438400896e-03,9.893358646911727394e-01
1.407077890435819850e-02,9.057484025035263953e-01,8.018081859211528828e-02
9.986158062054171225e-01,1.165497919664666834e-03,2.186958749182654738e-04
1.398665881625715948e-07,8.163898086595002614e-08,9.999997784944308910e-01
1.285208011683153795e-01,8.714358044103451828e-01,4.339442133954908440e-05
9.356982338288670764e-01,3.865434059612624096e-02,2.564742557500649528e-02
1.312639852996850265e-01,8.642269042911239207e-01,4.509110409190884503e-03
4.877535906061862547e-02,9.930908783273152685e-02,8.519155531066501252e-01
1.093157669124838680e-02,2.750932855744424033e-01,7.139751377343090954e-01
9.498293987117064630e-01,4.937394513213180097e-02,7.966561561617894159e-04
7.511866094105384972e-01,1.974462158603617623e-01,5.136717472909953230e-02
5.583804069072476192e-04,9.873528056797836738e-01,1.208881391330898086e-02
5.537264475063700953e-02,8.069516302590598045e-01,1.376757249903033664e-01
3.431256704319029516e-01,5.607006855101677179e-01,9.617364405792935833e-02
4.226732041334329187e-06,9.992260596986686227e-01,7.697135692899159838e-04
1.890415042515737956e-02,9.790996182233543399e-01,1.996231351488457484e-03
5.561638644891674088e-02,1.005143206384578047e-01,8.438692929126255793e-01
6.243347757525133498e-05,9.956240714563874272e-01,4.313495066037291610e-03
8.727901330976301636e-03,1.454296700936792142e-01,8.458424285753444183e-01
1.511105059523891181e-01,6.657998634765016632e-01,1.830896305711089966e-01
4.005587669667508288e-02,1.371023905368882190e-01,8.228417327664369063e-01
1.926595631617397620e-03,9.908078331330724131e-01,7.265571235310196857e-03
5.466065348427552595e-02,1.064629170060148594e-01,8.388764295097097534e-01
2.367043790547763982e-02,9.762505394055545072e-01,7.902268896780534975e-05
8.153459492532719732e-01,1.113520785660473134e-01,7.330197218068074116e-02
1.644491717761487060e-03,3.301032557212491697e-02,9.653451827101134919e-01
1.032060615547341492e-02,9.887137073931426823e-01,9.656864513836466027e-04
6.157748515817455803e-03,9.652130784110396489e-01,2.862917307314288146e-02
8.595147000809950644e-01,1.353092288190752279e-01,5.176071099929619238e-03
2.030838353490297885e-02,1.288830174391612515e-01,8.508085990259359743e-01
1.194597055767822325e-02,4.911949815334438751e-01,4.968590479088778045e-01
7.462013806130399218e-02,7.911481920286487224e-01,1.342316699100474242e-01
5.039587358511349313e-02,9.118779664869360035e-02,8.584163297661929759e-01
3.057090091525995271e-02,4.068453010635902367e-01,5.625837980211497724e-01
4.811043098341784285e-02,8.336066589333585020e-01,1.182829100832233915e-01
2.636719354833583565e-03,3.171827767288404321e-02,9.656450029722823958e-01
9.558479482953921025e-01,1.101519409018059635e-02,3.313685761442707045e-02
8.513881137552464784e-01,7.509765480908542346e-02,7.351423143566791774e-02
8.201610353168042877e-01,1.220596057508430282e-01,5.777935893235271875e-02
5.262101856286715007e-01,4.682228585167668711e-01,5.566955854561472967e-03
9.759563053088659013e-01,1.523413547902503253e-02,8.809559212109161624e-03
8.655357539658032895e-01,1.040684299446593269e-01,3.039581608953745642e-02
8.268252381673292239e-01,1.710593213185599148e-01,2.115440514111150902e-03
2.033576445126001643e-03,1.639255398144192841e-02,9.815738695734318453e-01
9.805764560872384239e-01,1.203022608045557253e-02,7.393317832305962810e-03
1.684549884378572920e-02,9.815415791785275790e-01,1.612921977686458718e-03
4.701450839773384516e-01,4.927138784616233447e-01,3.714103756103809967e-02
5.524814105312089198e-03,9.941026773510980297e-01,3.725085435898890492e-04
9.667966946818187246e-01,2.502001182218784037e-02,8.183293495993324007e-03
9.502907202538698472e-01,1.739532925626162060e-02,3.231395048986852175e-02
1.251730743659831557e-01,8.196028054664813434e-01,5.522412016753520253e-02
1.685580346211399405e-01,8.247249474317934759e-01,6.717017947066482135e-03
4.098709495579142686e-02,7.380539804363013545e-02,8.852075070005783752e-01
8.166239148737380694e-07,5.089439295040330052e-07,9.999986744321556209e-01
2.362854954778565841e-03,9.959969400873776024e-01,1.640204957843644602e-03
9.973649494120372105e-02,9.002087843633820308e-01,5.472069541417576603e-05
2.428003241582504107e-02,9.590908491623739707e-01,1.662911842180090846e-02
7.733101990903024081e-01,1.219196064935940960e-01,1.047701944161036486e-01
9.904747608788925239e-01,3.806168368837378139e-03,5.719070752269990801e-03
6.201114599463741425e-03,9.711920889376424171e-01,2.260679646289386752e-02
3.252869837466454417e-02,1.869266675052187465e-01,7.805446341201167648e-01
7.863059305176454128e-01,2.043504605487994896e-01,9.343608933555043808e-03
3.071076912512961110e-01,6.902512919306410533e-01,2.641016818062896006e-03
9.845962876275770048e-01,2.152291893132473547e-03,1.325142047929053768e-02
2.879863763758107320e-02,1.794478090161863437e-01,7.917535533462325414e-01
4.746262167544020721e-02,9.807532666854583414e-02,8.544620516560140766e-01
1.778885623018712373e-03,9.981270863260848225e-01,9.402805089630462856e-05
6.384508654245495407e-01,3.606081957435841590e-01,9.409388318662750784e-04
1.313457801308896555e-01,8.678874532699126787e-01,7.667665991976202293e-04
5.650654592454255887e-02,7.445045786408990285e-01,1.989888754345585653e-01
1.175480563507654702e-01,8.792003512651475061e-01,3.251592384086928259e-03
9.841922436367238625e-01,5.415622272360478065e-03,1.039213409091576182e-02
9.316677583303780482e-04,4.617597712401835808e-02,9.528923551176513573e-01
3.849066555165296666e-02,1.378220735865702262e-01,8.236872608617766822e-01
2.017010083358419246e-09,2.404490593536033108e-09,9.999999955784993899e-01
5.436686366113444718e-02,9.396382768402369301e-01,5.994859498628648739e-03
2.597697583571028680e-03,1.484348132396005751e-03,9.959179542840327359e-01
6.869112140345724760e-02,8.617074824710889702e-01,6.960139612545371279e-02
7.996645974427386838e-02,9.199892788936143706e-01,4.426136211184914096e-05
4.865346756422795244e-06,5.824371054415265433e-06,9.999893102821890700e-01
2.691884723067792737e-02,6.663438316730270483e-02,9.064467696020196419e-01
1.143152352203903599e-02,9.882638099785837626e-01,3.046664993771560953e-04
1.328490358053516750e-02,9.074518121531391923e-01,7.926328426632558988e-02
1.318051959093648196e-02,9.867928370997449683e-01,2.664330931820661639e-05
1.081880242206526566e-01,4.608900029719028013e-01,4.309219728074445976e-01
6.693802282137706339e-01,3.150266748604151346e-01,1.559309692581400779e-02
1.742115898242480032e-02,1.628968532293190510e-02,9.662891556946432425e-01
5.781726404808012337e-02,9.615871184789023807e-02,8.460240241040294373e-01
2.318496953301493399e-02,1.032951459059406642e-02,9.664855158763910881e-01
2.181933832804336046e-02,7.760590887221830991e-01,2.021215729497737867e-01
9.473511022177997717e-03,7.527679265670719766e-02,9.152496963211148584e-01
1.659179172894001625e-03,1.088326801594749049e-03,9.972524940255113046e-01
9.675008758005291254e-01,8.882621979412223465e-03,2.361650222005872227e-02
9.556483603593429743e-01,4.413707323574305591e-02,2.145664049139287129e-04
8.724773043114966333e-07,1.045689970160092866e-06,9.999980818327255383e-01
2.910103824751450550e-04,1.086538912964932777e-03,9.986224507045597942e-01
2.373197367793934698e-02,7.070545955325429066e-01,2.692134307895177603e-01
8.906114468544715779e-01,9.569778947151050263e-02,1.369076367401761071e-02
1.716114077987263842e-01,7.816521892495438273e-01,4.673640295172978160e-02
8.931924712299055269e-01,4.632858022500094264e-02,6.047894854509367618e-02
7.889016710938624721e-02,7.840994676280456099e-01,1.370103652625683510e-01
1.204118941190093425e-02,9.870031241865325766e-01,9.556864015663258435e-04
2.515765611041315131e-02,9.552509896713026194e-01,1.959135421828412174e-02
2.934419420507212561e-03,3.757128277125505456e-01,6.213527528669422484e-01
9.797088717338821029e-01,3.548894829533450965e-03,1.674223343658419461e-02
4.214582703310054945e-05,9.958447381722651537e-01,4.113116000701708651e-03
7.311563879470785187e-05,9.952681296983172388e-01,4.658754662888142141e-03
1.203823805857923007e-01,8.199239505898135993e-01,5.969366882439389871e-02
7.204241642115301152e-03,9.926908715763576030e-01,1.048867815271551100e-04
3.064448678161374451e-02,9.690535148931053167e-01,3.019983252809421465e-04
5.868196903363842587e-01,4.105741902686099176e-01,2.606119395006005826e-03
3.614328158955551484e-02,9.539668524067124178e-01,9.889866003732178390e-03
5.114589069612761850e-03,2.818188819935702263e-02,9.667035227310304402e-01
7.483102002092847371e-01,2.500887606112472406e-01,1.601039179467872702e-03
1.284848941158426849e-01,7.843873042824127673e-01,8.712780160174428412e-02
2.994545921686163070e-01,6.994276657946603137e-01,1.117742036723427595e-03
7.273402371067258509e-02,9.272227059449887898e-01,4.327034433875065949e-05
2.146827851263992046e-03,3.343235174599217679e-02,9.644208204027439058e-01
6.381559262687784562e-02,1.169789157753156755e-01,8.192054915978064233e-01
9.845995699425252878e-01,1.920501324191066159e-03,1.347992873328378825e-02
9.843720592365338140e-01,1.279522238709198192e-02,2.832718376374102585e-03
9.107314598522806559e-01,8.719435757825926003e-02,2.074182569459922729e-03
2.433822440977470580e-01,7.463054149263224080e-01,1.031234097593072135e-02
1.411476868648979146e-08,1.548967011320194564e-08,9.999999703955612107e-01
5.075182642929902677e-02,9.491939578904814434e-01,5.421568021958749986e-05
7.031436527606443887e-01,2.698305557493572149e-01,2.702579148999829234e-02
1.314001003695802576e-02,2.109845205265273305e-01,7.758754694365145310e-01
9.985072322373693687e-01,1.110639202411506246e-03,3.821285602191660039e-04
2.767323567768393850e-03,5.231738388055909295e-02,9.449152925516726143e-01
4.027960536846143108e-02,8.518503488936404189e-01,1.078700457378983374e-01
9.212959364608075408e-02,9.051470206782538108e-01,2.723385675665539619e-03
2.953217610251683556e-02,5.187637876819163330e-01,4.517040362155667066e-01
7.339693432940950883e-03,9.913637332655937939e-01,1.296573301465342356e-03
1.508240315431978273e-04,1.119987778966025083e-01,8.878503980718545074e-01
4.030536395044944098e-01,1.777477726352317822e-01,4.191985878602735305e-01
9.742873386540844560e-01,5.374227908083069327e-03,2.033843343783266200e-02
9.792635003787644177e-01,6.153913434210524745e-03,1.458258618702506018e-02
4.877574841105293162e-08,5.764484637331653817e-08,9.999998935794053301e-01
9.375030213141327673e-01,2.973679836723077188e-02,3.276018031863665164e-02
1.399515728169403554e-02,9.795388992308160514e-01,6.465943487489906119e-03
1.266230942708497786e-01,7.848871397599307409e-01,8.848976596921925841e-02
2.557011267090925424e-02,5.305792745882163472e-03,9.691240945832085840e-01
7.596597051062068701e-08,9.108312769279131129e-08,9.999998329509017791e-01
2.480780962767301784e-04,8.084596598893519295e-03,9.916673253048298164e-01
1.021070419757098445e-03,3.738954287665712667e-02,9.615893867035859577e-01
4.599907997542654337e-02,8.279287356534738296e-02,8.712080464592262263e-01
2.771830653319897197e-01,7.220348501658991891e-01,7.820845021110841037e-04
4.504794321054675366e-02,1.315573350302381983e-01,8.233947217592145762e-01
9.398689105271524902e-01,2.014432131241679011e-02,3.998676816043059828e-02
2.083196537491527681e-03,6.078334334886379559e-02,9.371334601136447340e-01
3.647122306089636834e-02,9.633014659051039041e-01,2.273110339997861198e-04
9.797009641747336239e-01,1.699399565764832254e-02,3.305040167618276872e-03
2.590509712116417784e-02,9.740438528212764790e-01,5.105005755922952567e-05
1.561080565479661120e-01,7.919640800991949448e-01,5.192786335283891552e-02
2.183268400673230476e-07,2.616421318705630527e-07,9.999995200310279886e-01
8.390672084105887940e-01,1.176040201750512826e-01,4.332877141435988178e-02
1.114289620487909829e-03,9.491630930232025989e-03,9.893940794492800395e-01
8.260320986782181130e-02,8.592887948628502581e-01,5.810799526932790976e-02
9.856844987773438760e-01,5.682481770876214068e-03,8.633019451779804995e-03
7.017849139040627585e-03,1.503636766478307941e-03,9.914785140944809561e-01
2.650304286342571210e-03,8.106268098108099229e-02,9.162870147325763437e-01
1.095927548728577172e-02,9.826483596564384859e-01,6.392364856275642611e-03
4.363369997089326657e-02,8.330241902497187434e-01,1.233421097793879900e-01
7.067366025797668927e-01,2.918481178180491464e-01,1.415279602184184434e-03
5.812741698334056989e-02,9.250205877013625289e-01,1.685199531529691513e-02
1.937826859371941296e-07,2.313230949943432625e-07,9.999995748942190898e-01
2.188417644879651208e-02,1.343832186830586362e-01,8.437326048681447199e-01
2.759471975772310060e-03,1.712230335433412992e-02,9.801182246698936229e-01
4.438928752038096915e-04,1.765237218818131032e-02,9.819037349366149803e-01
2.357116006591771229e-01,6.845015091057176093e-01,7.978689023510511513e-02
9.639542698914033549e-06,9.984900419576058228e-01,1.500318499695185888e-03
4.161594951001488314e-08,4.989262993897460803e-08,9.999999084914206193e-01
1.565658224506141089e-02,3.459883297329678919e-01,6.383550880219704959e-01
4.126163938177123094e-07,4.947482300922016983e-07,9.999990926353760079e-01
5.350802069684042379e-03,4.656214772080458780e-02,9.480870502095113395e-01
9.732211861471737890e-01,6.090108061016739731e-03,2.068870579180967159e-02
1.040447149639391229e-02,8.435529424625625231e-03,9.811599990789806602e-01
2.043272672096133741e-04,2.575314956102736901e-03,9.972203577766877158e-01
2.007575604424238221e-06,2.405365580069800126e-06,9.999955870588154161e-01
5.460726794744716894e-01,4.526125608456695870e-01,1.314759679858689290e-03
8.541581796922781411e-01,1.184517553475128715e-01,2.739006496020914699e-02
9.171114756568583548e-01,3.610980866274321466e-02,4.677871568039854155e-02
9.874163749624541297e-02,8.010197401922165561e-01,1.002386223115375452e-01
4.770787816750852312e-02,3.575679201261854345e-01,5.947242017063059105e-01
4.673025146111452199e-02,9.511579349554881713e-01,2.111813583397259466e-03
6.690795196679192314e-01,3.101785181110535139e-01,2.074196222102717493e-02
9.900502212928512513e-01,8.029180464181516486e-03,1.920598242967240868e-03
3.167165696214217785e-02,8.808090495190984415e-02,8.802474380859480751e-01
4.671965764241790831e-02,9.726896404367611770e-02,8.560113783139059462e-01
6.223473738890121509e-02,3.872147802263825600e-02,8.990437845884605705e-01
1.060812241934300237e-01,8.023837678030698584e-01,9.153500800350013178e-02
9.582591662612323091e-01,1.272120250221357544e-02,2.901963123655403737e-02
6.287826061794393739e-01,3.693441817503547164e-01,1.873212070205869731e-03
9.880382432976236862e-01,1.165924935472250311e-02,3.025073476537750534e-04
3.959155421980193323e-01,5.750437370182416297e-01,2.904072078373895471e-02
4.687812362978174829e-02,9.746502233262689663e-02,8.556568540375913967e-01
8.692409496156218163e-01,1.302121975448914948e-01,5.468528394865496264e-04
1.377546938510429975e-01,7.314459225630828287e-01,1.307993835858738685e-01
3.018166941395835148e-02,9.697481279783186636e-01,7.020260772290799734e-05
1.203476372278540346e-01,8.374972310652814000e-01,4.215513170686457228e-02
9.926185733733623451e-01,7.140471099128570601e-03,2.409555275090089399e-04
1.081352774950430778e-01,8.145625499207608256e-01,7.730217258419590232e-02
5.353918985845944334e-02,9.462430080135487698e-01,2.178021279919332271e-04
4.470951137212079290e-03,9.558821791941380644e-04,9.945731666835937457e-01
8.280299617656787792e-01,1.718408516598153302e-01,1.291865745059254098e-04
4.306299911236065314e-02,1.598484264840217550e-01,7.970885744036175780e-01
1.359636553649655744e-01,8.471503353445224427e-01,1.688600929051199684e-02
2.207127261085211067e-01,4.798294302546324275e-01,2.994578436368465768e-01
2.840472803368653681e-02,2.663910759134924255e-01,7.052041960528212527e-01
2.100133420153758626e-06,9.999628873998769318e-01,3.501246670296029767e-05
1.277361759168311626e-03,2.365599519811252271e-01,7.621626862597067342e-01
9.978091312382443290e-01,1.192079305524313716e-03,9.987894562312510556e-04
7.335654167175503781e-01,2.150070682830211022e-01,5.142751499942820742e-02
9.381865683617142794e-04,1.870882786423820957e-03,9.971909306452143573e-01
1.985749290724124136e-02,3.221786484178093546e-02,9.479246422509779446e-01
9.863571726033782960e-01,1.223479422319383864e-02,1.408033173427986756e-03
9.463571875005905021e-01,4.513964845870432896e-02,8.503164040705307736e-03
9.924912118458778520e-01,2.383974547054591372e-03,5.124813607067537496e-03
4.433718537979016999e-06,2.243558831707516723e-06,9.999933227226303067e-01
6.381572694372844232e-03,9.629690869466116521e-01,3.064934035901551931e-02
1.983778665890436887e-01,7.040083593989728827e-01,9.761377401198338688e-02
1.249308383641845911e-02,9.588665121621143816e-01,2.864040400146735180e-02
9.477095343879429201e-01,4.225556353479610616e-02,1.003490207726082453e-02
6.789051082649083697e-03,9.635903876197176032e-01,2.962056129763368864e-02
7.879218237565608352e-01,1.897197081977781141e-01,2.235846804566076970e-02
3.315593274786648222e-03,2.628715566983667595e-01,7.338128500268467080e-01
9.514099679921902419e-01,4.854871510564933573e-02,4.131690216052362913e-05
8.875696305338748315e-01,1.047187603203376116e-01,7.711609145787297510e-03
9.535913912557844041e-01,3.266494392972782435e-02,1.374366481448790686e-02
2.950704106480405830e-03,8.526893353362282602e-01,1.443599605572912503e-01
9.689289725330259007e-01,1.227526941844649978e-02,1.879575804852763599e-02
9.297869797458404584e-01,5.894155453979685322e-02,1.127146571436230503e-02
9.916742704451393386e-01,7.017492548867384876e-03,1.308237005993272573e-03
4.437170135426315304e-02,1.050306105993429051e-01,8.505976880463941292e-01
1.624629908356567311e-04,1.201564905321042716e-02,9.878218879559540477e-01
7.384360305729975593e-02,7.884608967625573728e-01,1.376955001801428435e-01
3.204678587112498589e-02,2.360049864865990388e-01,7.319482276422759615e-01
2.431415011184346817e-02,5.224560906842602437e-01,4.532297592038961320e-01
1.347268975801185417e-02,1.647382197201222864e-01,8.217890905218656616e-01
